AEROCUBE 12A
1 43556U 18046C   19212.46954578 +.00001239 +00000-0 +56212-4 0  9990
2 43556 051.6413 211.4415 0008153 221.4854 138.5507 15.28794861058100
AEROCUBE 12B
1 43557U 18046D   19213.59810401  .00000914  00000-0  44982-4 0  9992
2 43557  51.6410 206.2217 0008138 225.0772 134.9549 15.28655929 58222
AGILE
1 31135U 07013A   19214.07685154  .00001705  00000-0  17980-4 0  9999
2 31135   2.4666 177.2717 0012496 215.1423 144.7806 15.31678411682824
ALTAIR PATHFINDER
1 42711U 98067LS  19214.06421909  .00037624  00000-0  17091-3 0  9996
2 42711  51.6330  59.1680 0001489 292.9692  67.1153 15.83489239126111
APEX
1 23191U 94046A   19212.42383311 +.00002273 +00000-0 +73505-4 0  9997
2 23191 069.9159 211.1513 0566038 241.0964 113.2275 14.47857388228283
APRIZESAT 10
1 40019U 14033K   19213.07203217 -.00000024  00000-0  42461-5 0  9992
2 40019  97.7418  56.0705 0084697  14.6054 345.7570 14.66998001273826
AQUA
1 27424U 02022A   19213.78369713  .00000045  00000-0  20071-4 0  9998
2 27424  98.2044 153.9682 0000395 322.9185  68.1384 14.57114331917220
ASTERIA
1 43020U 98067NH  19214.12646438  .00019685  00000-0  15218-3 0  9999
2 43020  51.6430  92.4573 0001149 301.2710  58.8176 15.71906955 96849
BEIDOU 2 G8
1 44231U 19027A   19213.55279569 -.00000147  00000-0  00000+0 0  9999
2 44231   1.7078 293.9888 0002337 168.3615 126.5259  1.00272326   903
BEIDOU 3M18
1 43707U 18093B   19212.64413194 +.00000047 +00000-0 +00000-0 0  9990
2 43707 054.8282 268.0050 0009338 269.4804 358.4072 01.86231913004736
BEIDOU IGSO-7
1 43539U 18057A   19213.11785804 -.00000120  00000-0  00000+0 0  9998
2 43539  55.0411 185.1989 0023718 202.8252  76.6781  1.00264230  3966
CARBONITE 2
1 43115U 18004E   19213.77637269  .00000262  00000-0  14440-4 0  9997
2 43115  97.4843 280.6674 0011916  89.3113 270.9488 15.22330743 86188
CATSAT-1
1 44033U 98067PZ  19213.32844163  .00007227  00000-0  10499-3 0  9995
2 44033  51.6396 132.7576 0004255 319.2026  40.8647 15.56962760 28282
COSMOS 2433 (GLONASS)
1 32275U 07052A   19212.97925190 -.00000015  00000-0  10000-3 0  9991
2 32275  65.8681  39.6416 0001042 211.6743 151.8281  2.13104377 91560
COSMOS 2510
1 41032U 15066A   19212.06182661 -.00000745 +00000-0 +00000-0 0  9990
2 41032 063.1306 286.8900 7055599 269.7883 016.6090 02.00609343027117
CUBERRT
1 43546U 98067NU  19212.86112786 +.00004395 +00000-0 +47890-4 0  9999
2 43546 051.6384 120.6163 0003491 308.4702 051.5980 15.65791115059756
DELLINGR (RBLE)
1 43021U 98067NJ  19214.13668206  .00006073  00000-0  69668-4 0  9994
2 43021  51.6386 107.4177 0001403 273.0960  86.9874 15.63626573 96644
DELPHINI
1 44030U 98067PW  19213.25475651  .00007328  00000-0  10566-3 0  9993
2 44030  51.6388 133.0007 0003978 317.9499  42.1187 15.57144725 28337
DEORBITSAIL
1 40719U 15032E   19213.29202657  .00000231  00000-0  40076-4 0  9998
2 40719  97.9036 104.2217 0016566 160.0492 200.1369 14.76761670218692
EQUISAT
1 43552U 98067PA  19212.91667716 +.00007540 +00000-0 +89246-4 0  9996
2 43552 051.6391 124.0146 0005213 313.9547 046.1016 15.62382836059777
ERS 2
1 23560U 95021A   19212.87372861 +.00000499 +00000-0 +25241-4 0  9990
2 23560 098.5069 318.3840 0003605 168.1628 191.9690 15.22632117293175
EXOS D (AKEBONO)
1 19822U 89016A   19214.13965188  .00018661 -83236-7  33180-3 0  9994
2 19822  75.0268  97.3862 1782098  83.7287 296.2745 11.97163611  1087
EXPLORER 7
1    22U 59009A   19213.19522303 -.00000107  00000-0  15598-4 0  9999
2    22  50.2829 169.1357 0140000 111.5302 250.0634 14.94890614177261
FUNCUBE 1
1 39444U 13066AE  19212.91861106 +.00000134 +00000-0 +22958-4 0  9995
2 39444 097.5599 225.9784 0056580 245.3203 114.2113 14.81951136305741
FUSE 1
1 25791U 99035A   19212.74035982 +.00000218 +00000-0 +10907-4 0  9995
2 25791 024.9856 326.7400 0010127 266.5111 093.4238 14.42784742060609
GALILEO 23 (2C9)
1 43566U 18060C   19212.57730234 -.00000037  00000-0  00000+0 0  9995
2 43566  56.5961  49.8782 0001810 279.6736  80.3773  1.70475629  6359
GALILEO 24 (2C0)
1 43567U 18060D   19212.79715077 -.00000038  00000-0  00000+0 0  9999
2 43567  56.5959  49.8729 0001952 282.1591  77.8897  1.70475437  6336
GALILEO 26 (2C2)
1 43565U 18060B   19211.77072173 -.00000036 +00000-0 +00000-0 0  9996
2 43565 056.5969 049.8989 0002228 289.9479 070.1017 01.70475754006365
GALILEO 9 (205)
1 40889U 15045A   19212.30947612 -.00000005  00000-0  00000+0 0  9996
2 40889  56.4086 290.9606 0001422 357.6827   2.3959  1.70475335 24176
GEOTAIL
1 22049U 92044A   19209.83407394 -.00000438  00000-0  00000+0 0  9990
2 22049  20.2953  56.7735 5672776 154.1637 358.4934  0.19192433 10920
GIOVE-B
1 32781U 08020A   19207.17522645 -.00000030  00000-0  00000+0 0  9995
2 32781  57.7270  98.9035 0001522 252.2083 107.8276  1.65405434 68813
GLOBALSTAR M096
1 39075U 13005D   19214.14470982 -.00000094  00000-0  52098-4 0  9997
2 39075  52.0076 283.0413 0000693 151.9401 208.1504 12.62265795300622
GOKTURK-1A
1 41875U 16073A   19213.86588379 -.00000001  00000-0  89976-5 0  9998
2 41875  98.1294 107.7757 0001202  70.2714 289.8615 14.62781105141695
HALOSAT
1 43549U 98067NX  19213.24347775  .00009237  00000-0  10935-3 0  9992
2 43549  51.6381 123.1698 0004600 309.4422  50.6165 15.62052441 59440
HARBINGER
1 44229U 19026E   19214.07049805  .00000122  00000-0  13571-4 0  9995
2 44229  40.0215  75.6653 0007731 211.0081 149.0264 15.20525506 13515
HUBBLE SPACE TELESCOPE
1 20580U 90037B   19213.60082918  .00000345  00000-0  10035-4 0  9999
2 20580  28.4693 281.5888 0002457 235.8079 253.2396 15.09249541407530
INTEGRAL
1 27540U 02048A   19212.71483528  .00000987  00000-0  00000+0 0  9998
2 27540  50.1062 140.2326 8813096 280.2473   3.5864  0.37600222 17188
IRAZU
1 43468U 98067NR  19214.08077291  .00021559  00000-0  17432-3 0  9998
2 43468  51.6359 104.7222 0000513  83.4784 276.6272 15.70762134169922
IRIDIUM 117
1 42808U 17039F   19212.82868675 +.00000053 +00000-0 +11835-4 0  9997
2 42808 086.3995 323.4819 0001662 096.2571 263.8814 14.34218612109878
IRIDIUM 119
1 42959U 17061E   19213.46002561  .00000044  00000-0  84845-5 0  9996
2 42959  86.3992 354.8414 0002146  80.1916 279.9522 14.34218612 94804
ISO
1 23715U 95062A   19212.46461014 +.00000620 +00000-0 +10962-1 0  9998
2 23715 003.8783 329.7806 8369788 313.4834 002.9044 01.02005851088028
ISS (ZARYA)
1 25544U 98067A   19214.26260083 -.00002712  00000-0 -37976-4 0  9994
2 25544  51.6446 132.6751 0006292 207.5338 302.2810 15.51016053182408
KESTREL EYE 2M
1 42982U 98067NE  19214.16575864  .00005497  00000-0  64549-4 0  9991
2 42982  51.6376 107.5677 0003432 317.3503  42.7225 15.63245213100872
KMS 3-2
1 39026U 12072A   19212.88961344 +.00000750 +00000-0 +29740-4 0  9998
2 39026 097.2114 214.6398 0036586 309.6226 050.1786 15.27892259368133
KMS 4
1 41332U 16009A   19212.71957598 +.00001067 +00000-0 +35315-4 0  9990
2 41332 097.3616 280.9920 0024346 137.8734 222.4386 15.33329667194410
LANDSAT 8
1 39084U 13008A   19213.36867791  .00000002  00000-0  10596-4 0  9996
2 39084  98.2217 282.7859 0001334  87.9467 272.1886 14.57104464343941
LEMUR 2 ALEXANDER
1 43559U 18046F   19212.94934564 +.00000571 +00000-0 +32044-4 0  9994
2 43559 051.6414 207.9304 0007489 226.2923 133.7438 15.29574069057962
LEMUR 2 VU
1 43558U 18046E   19212.43701190 +.00000335 +00000-0 +23980-4 0  9991
2 43558 051.6415 210.5061 0007445 224.1547 135.8839 15.29479088058103
LEMUR 2 YUASA
1 43560U 18046G   19212.44124157  .00000370  00000-0  25221-4 0  9996
2 43560  51.6414 210.5273 0007786 238.8104 121.2114 15.29446319 58105
LIGHTSAIL 2
1 44420U 19036AC  19212.66836196  .00004364  00000-0  99547-3 0  9997
2 44420  24.0034 336.0403 0015210 239.6536 120.2473 14.52585683  3426
M6P
1 44109U 19018AF  19213.76013483  .00000724  00000-0  26662-4 0  9994
2 44109  97.5075 275.5467 0059055 268.0208 240.2513 15.29793874 18538
MERIDIAN 7
1 40296U 14069A   19212.89293049  .00000119  00000-0  00000+0 0  9990
2 40296  62.8839 158.1388 6806274 273.8378  17.3012  2.00618273 34835
METEOR M2
1 40069U 14037A   19213.73784147 -.00000050  00000-0 -35926-5 0  9998
2 40069  98.5478 257.6229 0006427 125.4183 234.7591 14.20663148262677
METOP-B
1 38771U 12049A   19213.37811410 -.00000001  00000-0  19559-4 0  9998
2 38771  98.7003 272.0913 0001471 139.4906 291.0669 14.21493420356405
MICRO LABSAT
1 27600U 02056D   19212.86615507 -.00000024  00000-0  72361-5 0  9992
2 27600  98.4923 158.9356 0011862 116.4650 243.7751 14.29632437867483
MICRODRAGON
1 43935U 19003D   19213.75963970  .00000326  00000-0  17165-4 0  9994
2 43935  97.2800 270.0497 0016897 285.0949 194.4183 15.22093143 29763
MMS 1
1 40482U 15011A   19207.62638889 -.00001849 +00000-0 +00000-0 0  9998
2 40482 015.5982 118.8732 8999580 014.4698 328.6637 00.28566511010280
NAVSTAR 75 (USA 265)
1 41019U 15062A   19211.43544669 -.00000016  00000-0  00000+0 0  9991
2 41019  55.1983 129.5496 0047839 207.0400 152.7152  2.00564557 27419
NIGERIASAT X
1 37790U 11044C   19214.08032183 -.00000027  00000-0  37424-5 0  9993
2 37790  98.0402 283.2609 0011357 304.3663  55.6462 14.58609834424155
NOAA 19
1 33591U 09005A   19213.61138674  .00000065  00000-0  60854-4 0  9995
2 33591  99.1816 205.8014 0012927 254.4570 105.5174 14.12368553540106
NSIGHT-1
1 42726U 98067MF  19214.08229602  .00015977  00000-0  12032-3 0  9997
2 42726  51.6357  81.4202 0003851 352.6151   7.4790 15.72705242124804
O3B FM15
1 43231U 18024A   19212.26775346 -.00000018 +00000-0 +00000-0 0  9993
2 43231 000.0468 012.9831 0002616 117.5195 229.5190 05.00115015025453
OBJECT F (MYSAT-1)
1 44045U 18092F   19212.88452412 +.00000760 +00000-0 +33159-4 0  9994
2 44045 051.6422 161.7096 0011177 237.8760 122.1115 15.35059809025879
OBJECT PN
1 43638U 98067PN  19212.89725154 +.00004295 +00000-0 +61973-4 0  9990
2 43638 051.6384 131.3617 0001950 258.8112 101.2661 15.58347762046451
ONEWEB-0011
1 44062U 19010F   19212.59747116 +.00000116 +00000-0 +27345-3 0  9994
2 44062 087.8860 038.5584 0001437 082.3470 277.7823 13.15480502020677
ONEWEB-0012
1 44057U 19010A   19212.89475300 +.00000192 +00000-0 +47905-3 0  9992
2 44057 087.8963 038.4875 0001452 085.9276 274.2020 13.15295126020506
PRATHAM
1 41783U 16059A   19214.12356984  .00000045  00000-0  17985-4 0  9992
2 41783  98.0644 272.7175 0032354 243.1931 116.5961 14.63001832152046
PRISMA (TANGO)
1 36827U 10028F   19212.53486148 +.00000006 +00000-0 +15283-4 0  9990
2 36827 098.5251 027.7284 0041773 231.2129 128.5326 14.42404707340478
PROMETHEUS 2-7
1 44374U 19037K   19214.06514891 -.00000336  00000-0  00000+0 0  9995
2 44374  45.0131 101.6297 0008076 119.2704 240.9445 15.37439549  5024
RADIO ROSTO
1 23439U 94085A   19212.88572804 -.00000035 +00000-0 +20933-3 0  9993
2 23439 064.8177 046.2739 0146152 104.8109 256.9056 11.27568637012764
RADIX
1 43550U 98067NY  19212.37111300  .00021347  00000-0  19700-3 0  9995
2 43550  51.6353 121.0312 0003143 330.8921  29.1899 15.67536891 59855
RAINCUBE
1 43548U 98067NW  19214.13347665  .00008610  00000-0  10193-3 0  9998
2 43548  51.6371 118.5990 0004537 308.5151  51.5436 15.62159122 60020
RED-EYE
1 44364U 98067QJ  19214.16129642  .00001999  00000-0  40890-4 0  9992
2 44364  51.6434 133.0516 0007145 210.1440 149.9138 15.51538370  5574
SAPPHIRE
1 39088U 13009C   19212.51754012 -.00000022 +00000-0 +75148-5 0  9996
2 39088 098.4955 054.9654 0011830 155.6939 204.4806 14.34194631336332
SAUDISAT 1C
1 27607U 02058C   19214.14236908 -.00000033  00000-0  16275-4 0  9999
2 27607  64.5545 273.6947 0079701 247.9689 111.2934 14.75561976893596
SENTINEL 3B
1 43437U 18039A   19214.18886263  .00000001  00000-0  18499-4 0  9997
2 43437  98.6273 280.4554 0001597  83.1821 276.9541 14.26736833 66077
SIRIUS 3
1 25492U 98056B   19213.05139598 -.00000147  00000-0  00000+0 0  9998
2 25492   7.6296  49.1878 0003981 347.8661  37.8062  0.99033843 76139
SIRIUSSAT-1
1 43595U 98067PG  19212.58870533 +.00009413 +00000-0 +11246-3 0  9994
2 43595 051.6366 127.7671 0002427 274.8127 085.2590 15.61786244054543
SIRIUSSAT-2
1 43596U 98067PH  19212.81540738  .00009294  00000-0  11178-3 0  9993
2 43596  51.6376 127.0699 0002970 275.2760  84.7895 15.61631120 54576
SKYNET 5D
1 39034U 12075A   19212.89707567 +.00000089 +00000-0 +00000-0 0  9995
2 39034 000.0798 343.2607 0003337 163.4898 178.1825 01.00275066023975
SOCRATES
1 39768U 14029C   19204.58435010  .00000095  00000-0  17656-4 0  9994
2 39768  97.8679 301.0291 0006631 353.8123   6.3008 14.84361710279716
SOLRAD 1 (GREB)
1    46U 60007B   19212.94546673 -.00000043 +00000-0 +14727-4 0  9995
2    46 066.6889 195.2308 0209037 008.7128 351.7516 14.49235046092524
SPEKTR R
1 37755U 11037A   18264.20000000 +.00000083 +00000-0 +00000-0 0  9993
2 37755 051.5880 113.3680 8331057 181.9940 359.9340 00.11829941003008
SPIRALE B
1 33752U 09008D   19213.48630013  .00001442  00000-0  30774-3 0  9993
2 33752   2.1390 320.3178 6918572 114.0163 330.4457  2.74910113 95957
SPOOQY1
1 44332U 98067QH  19214.13652605  .00004445  00000-0  78826-4 0  9993
2 44332  51.6412 132.8974 0005323 250.5473 109.4942 15.52458564  7113
STARLINK
1 44235U 19029A   19213.54883901 -.00000280  00000-0 -76174-7 0  9997
2 44235  52.9983 220.5101 0001515 203.5349 156.5570 15.05486261 11745
STARLINK
1 44259U 19029AA  19214.17701517  .00000709  00000-0  27154-4 0  9990
2 44259  53.0025 203.6022 0000696  18.0381 342.0646 15.40301458 10779
TACSAT 4
1 37818U 11052A   19212.87645854 +.00000019 +00000-0 +82188-4 0  9999
2 37818 063.2081 343.3980 4589386 221.1191 332.7314 06.02816963172531
TECHEDSAT 8
1 44032U 98067PY  19212.32158582 +.00020799 +00000-0 +24804-3 0  9990
2 44032 051.6380 135.0201 0002594 324.4768 035.6053 15.61025326028209
TEMPEST-D
1 43547U 98067NV  19213.40508340  .00003735  00000-0  54894-4 0  9995
2 43547  51.6389 127.2543 0004943 292.9264  67.1206 15.58284677 59396
TERRA
1 25994U 99068A   19213.68975539  .00000006  00000-0  11361-4 0  9991
2 25994  98.2038 287.5693 0000955  94.9003 265.2306 14.57114179 43602
THEMIS A
1 30580U 07004A   19212.47220783  .00000021  00000-0  00000+0 0  9997
2 30580   9.8800  85.0079 8388259 318.0317   2.3194  0.87837462 43874
THEMIS D
1 30797U 07004D   19212.65260891  .00000004  00000-0  00000+0 0  9992
2 30797   8.7032  48.9964 8589717 359.1734   0.3308  0.71850662 43720
TIROS 1
1    29U 60002B   19213.96991916 -.00000173  00000-0  52628-5 0  9995
2    29  48.3807  21.0280 0024397 300.8198  59.0313 14.74312067171364
UBAKUSAT
1 43466U 98067NP  19214.11516535  .00014915  00000-0  14006-3 0  9991
2 43466  51.6373 108.7370 0000378  73.2453 286.8585 15.67402524 69887
UNITE
1 44031U 98067PX  19213.31841333  .00004537  00000-0  70706-4 0  9997
2 44031  51.6393 133.4293 0002753 316.8019  43.2756 15.56057651 28335
VANGUARD 2
1    11U 59001A   19214.16875387 -.00000067  00000-0 -56771-4 0  9994
2    11  32.8750 177.8137 1468521 243.4607 100.8209 11.85613271578696
VANGUARD 3
1    20U 59007A   19213.32979749  .00000163  00000-0  67665-4 0  9993
2    20  33.3425 246.0534 1667057   3.2833 357.7299 11.55668570193479
XMM
1 25989U 99066A   19215.45802183 -.00000051  00000-0  00000+0 0  9998
2 25989  71.0162 330.7879 7556583  94.8131   0.6076  0.50136907 24785
YAOGAN 27
1 40878U 15040A   19214.46044876 -.00000044  00000-0  00000+0 0  9991
2 40878 100.2845 267.5220 0008084 234.3832 125.6526 13.15962392188924
