0 VANGUARD 2
1    11U 59001A   19155.87942111 -.00000025 +00000-0 -32124-4 0  9996
2    11 032.8810 036.6424 1469219 274.4444 069.0287 11.85622057230039
0 VANGUARD 3
1    20U 59007A   19155.08551519 +.00000190 +00000-0 +85397-4 0  9994
2    20 033.3426 093.5272 1666552 054.3804 320.0866 11.55644006186707
0 EXPLORER 7
1    22U 59009A   19155.90626204 -.00000094 +00000-0 +16072-4 0  9991
2    22 050.2855 077.8274 0140183 252.8148 105.7412 14.94869870413748
0 TIROS 1
1    29U 60002B   19155.82011839 -.00000152 +00000-0 +83817-5 0  9993
2    29 048.3800 295.4337 0023630 052.2303 308.0745 14.74306051162678
0 SOLRAD 1 (GREB)
1    46U 60007B   19155.87287598 -.00000032 +00000-0 +16821-4 0  9996
2    46 066.6908 349.4190 0204291 052.0512 309.8860 14.49229235084254
0 EXOS D (AKEBONO)
1 19822U 89016A   19155.43589044  .00012188  36575-6  21646-3 0  9998
2 19822  75.0218 167.9237 1790297 174.9188 187.3135 11.95582479994051
0 HST
1 20580U 90037B   19155.87265645 +.00000366 +00000-0 +11331-4 0  9996
2 20580 028.4698 303.3172 0002687 340.2867 154.5840 15.09231777398713
0 GEOTAIL
1 22049U 92044A   19157.83654677 -.00000899  00000-0  00000+0 0  9991
2 22049  18.7037  58.6909 5675832 151.5826   1.9614  0.19217623 10829
0 APEX
1 23191U 94046A   19155.90665698 +.00002175 +00000-0 +70986-4 0  9998
2 23191 069.9177 344.0657 0566436 320.4695 035.6371 14.47616422220067
0 RADIO ROSTO
1 23439U 94085A   19155.85777078 -.00000061 +00000-0 -52790-3 0  9992
2 23439 064.8137 138.4956 0146296 115.9282 245.6800 11.27568127006331
0 ERS 2
1 23560U 95021A   19155.83023328 +.00000737 +00000-0 +35580-4 0  9995
2 23560 098.5034 253.8703 0004145 042.2455 317.9097 15.22548568284490
0 ISO
1 23715U 95062A   19154.62527218 -.00000778 +00000-0 -40765-2 0  9991
2 23715 004.4196 329.9008 8370535 304.1289 002.6853 01.02004522087457
0 SIRIUS 3
1 25492U 98056B   19155.89910419 -.00000170 +00000-0 +00000-0 0  9991
2 25492 007.5444 049.4792 0005617 337.5647 191.0922 00.99037495075672
0 ISS (ZARYA)
1 25544U 98067A   19156.50900463  .00003075  00000-0  59442-4 0  9992
2 25544  51.6433  59.2583 0008217  16.4489 347.6017 15.51174618173442
0 XMM
1 25989U 99066A   19157.61825411 -.00000362 +00000-0 +00000-0 0  9996
2 25989 070.9503 332.7199 7631252 095.0660 359.8535 00.50137756010132
0 TERRA
1 25994U 99068A   19155.93886470 +.00000046 +00000-0 +20153-4 0  9992
2 25994 098.2048 230.6779 0001595 092.5118 267.6253 14.57117177035192
0 AQUA
1 27424U 02022A   19155.90698590 +.00000051 +00000-0 +21365-4 0  9999
2 27424 098.2027 096.9608 0003141 086.8647 004.7564 14.57116169908740
0 INTEGRAL
1 27540U 02048A   19154.22444744  .00000806  00000-0  00000+0 0  9996
2 27540  49.6658 144.6814 8780181 278.2382   3.7744  0.37604481 16961
0 MICRO LABSAT
1 27600U 02056D   19155.89573631 -.00000009 +00000-0 +13397-4 0  9998
2 27600 098.4894 103.3871 0009716 290.1549 069.8588 14.29628937859327
0 SAUDISAT 1C
1 27607U 02058C   19155.92394365 -.00000050 +00000-0 +13893-4 0  9993
2 27607 064.5551 091.6888 0081777 259.1891 099.9999 14.75549988884874
0 THEMIS A
1 30580U 07004A   19154.41291894 -.00000206 +00000-0 +00000-0 0  9994
2 30580 009.3143 095.2575 8379284 301.6812 003.7964 00.87838462018704
0 THEMIS D
1 30797U 07004D   19154.66632578 -.00000369 +00000-0 +00000-0 0  9999
2 30797 007.7708 054.7470 8542581 348.2742 001.0910 00.75228943018894
0 AGILE
1 31135U 07013A   19155.41682240  .00001859  00000-0  22939-4 0  9994
2 31135   2.4680 275.4326 0012099  17.2019 342.8444 15.31600463673818
0 GIOVE-B
1 32781U 08020A   19155.18250092 -.00000002 +00000-0 +00000-0 0  9992
2 32781 057.6943 100.1904 0002826 272.0215 087.8978 01.65405207067931
0 IBEX
1 33401U 08051A   17218.24856028 -.00002000 +00000-0 +00000-0 0  9992
2 33401 030.2157 094.3610 7460229 003.0421 007.6340 00.10111689003699
0 NOAA 19
1 33591U 09005A   19156.51244449  .00000039  00000-0  46190-4 0  9996
2 33591  99.1793 147.3174 0014871  57.8583 302.4029 14.12355851532055
0 SPIRALE B
1 33752U 09008D   19155.64648178 +.00003781 +00000-0 +67553-3 0  9990
2 33752 002.1340 347.4543 6926143 056.7371 351.6044 02.74631813094317
0 PRISMA (TANGO)
1 36827U 10028F   19155.92991463 +.00000021 +00000-0 +19667-4 0  9997
2 36827 098.5219 331.1777 0043540 043.5992 316.8625 14.42397204332318
0 SPEKTR R
1 37755U 11037A   18264.20000000 +.00000083 +00000-0 +00000-0 0  9993
2 37755 051.5880 113.3680 8331057 181.9940 359.9340 00.11829941003008
0 NIGERIASAT X
1 37790U 11044C   19155.90812879 -.00000010 +00000-0 +74355-5 0  9992
2 37790 098.0429 226.9506 0013350 118.1235 242.1297 14.58605005415677
0 TACSAT 4
1 37818U 11052A   19155.42589198 +.00000182 +00000-0 +36417-3 0  9998
2 37818 063.2207 020.0233 4584711 220.5133 218.3106 06.02800812169076
0 METOP-B
1 38771U 12049A   19155.92646991 -.00000009 +00000-0 +15988-4 0  9994
2 38771 098.7041 215.4469 0001492 054.1088 301.0768 14.21489598348247
0 KMS 3-2
1 39026U 12072A   19155.90955757 +.00000954 +00000-0 +37055-4 0  9992
2 39026 097.2106 159.5056 0039077 147.9688 212.3938 15.27773421359438
0 SKYNET 5D
1 39034U 12075A   19155.81762809 +.00000105 +00000-0 +00000-0 0  9992
2 39034 000.0798 338.8012 0003319 106.9856 154.2902 01.00269865023400
0 GLOBALSTAR M096
1 39075U 13005D   19155.39005636 -.00000122 +00000-0 -10203-3 0  9992
2 39075 052.0071 101.8823 0000796 049.7526 310.3411 12.62265353293180
0 LANDSAT 8
1 39084U 13008A   19155.89207574 +.00000006 +00000-0 +11495-4 0  9999
2 39084 098.2241 226.0359 0001156 073.5587 286.5724 14.57103556335571
0 SAPPHIRE
1 39088U 13009C   19155.86778513 -.00000019 +00000-0 +85616-5 0  9999
2 39088 098.4996 359.2884 0010861 334.9409 025.1247 14.34192064328213
0 FUNCUBE 1
1 39444U 13066AE  19155.93136122 +.00000190 +00000-0 +29605-4 0  9994
2 39444 097.5609 172.1380 0059644 073.6342 287.1419 14.81925715297303
0 SOCRATES
1 39768U 14029C   19155.84656026 +.00000066 +00000-0 +14238-4 0  9991
2 39768 097.8627 252.9498 0007272 132.5914 227.5910 14.84350451272480
0 APRIZESAT 10
1 40019U 14033K   19155.64099833 +.00000020 +00000-0 +11731-4 0  9997
2 40019 097.7460 001.8129 0083872 195.9971 163.8583 14.66992495265225
0 METEOR M2
1 40069U 14037A   19155.91514350 -.00000039 +00000-0 +17983-5 0  9999
2 40069 098.5520 201.6793 0004865 308.3450 051.7281 14.20661879254463
0 MERIDIAN 7
1 40296U 14069A   19154.86050631 +.00000262 +00000-0 +00000-0 0  9990
2 40296 062.8823 164.4307 6798115 273.9772 222.9295 02.00626105033662
0 MMS 1
1 40482U 15011A   19148.13194444 -.00000705  00000-0  00000+0 0  9991
2 40482  11.9965 117.2770 9052263  14.0170 334.0184  0.28546283 10110
0 DEORBITSAIL
1 40719U 15032E   19155.76578475 +.00000305 +00000-0 +50779-4 0  9992
2 40719 097.9102 047.8725 0016508 356.5479 003.5614 14.76726633210202
0 YAOGAN 27
1 40878U 15040A   19155.91985363 -.00000044 +00000-0 +00000-0 0  9991
2 40878 100.2886 210.6046 0008505 016.5031 343.6345 13.15961828181223
0 GALILEO 9 (205)
1 40889U 15045A   19155.41087863 -.00000032 +00000-0 +00000-0 0  9998
2 40889 056.4575 292.5199 0002810 039.6810 320.3152 01.70475271023205
0 NAVSTAR 75 (USA 265)
1 41019U 15062A   19155.59484283  .00000049  00000-0  00000+0 0  9995
2 41019  55.1809 131.7687 0046821 208.2448 151.4741  2.00564596 26296
0 COSMOS 2510
1 41032U 15066A   19155.28827141 -.00000903  00000-0  00000+0 0  9994
2 41032  63.1836 294.1186 7075605 269.6320  51.1019  2.00593061 25985
0 KMS 4
1 41332U 16009A   19155.87606599 +.00001071 +00000-0 +35621-4 0  9990
2 41332 097.3645 224.3714 0022782 348.2261 011.8445 15.33209878185709
0 TIANGONG-2
1 41765U 16057A   19155.83619182 +.00002604 +00000-0 +33786-4 0  9994
2 41765 042.7846 040.4981 0007222 189.0370 214.2469 15.61653512155119
0 PRATHAM
1 41783U 16059A   19155.71553080 +.00000047 +00000-0 +18250-4 0  9995
2 41783 098.0683 215.6052 0034857 069.0794 291.4134 14.62993481143506
0 BANXING-2
1 41834U 16057H   19155.78532550 +.00116474 +14598-4 +14337-3 0  9990
2 41834 042.7733 266.8358 0015356 359.5036 138.1279 16.07048938150651
0 GOKTURK-1A
1 41875U 16073A   19155.85944392 +.00000016 +00000-0 +12381-4 0  9993
2 41875 098.1358 050.6271 0001348 076.9992 283.1359 14.62774493133218
0 ALTAIR PATHFINDER
1 42711U 98067LS  19155.80993864 +.00031758 +00000-0 +17170-3 0  9996
2 42711 051.6344 001.7336 0002704 109.3702 250.7592 15.79804232116891
0 NJUST-1
1 42722U 98067MB  19155.72331448 +.00123144 +17325-4 +28239-3 0  9994
2 42722 051.6330 342.7108 0003376 199.8244 245.5825 15.97115989116204
0 NSIGHT-1
1 42726U 98067MF  19155.84441140 +.00016835 +00000-0 +13679-3 0  9990
2 42726 051.6369 019.5156 0005590 123.1355 237.0180 15.70829764115646
0 IRIDIUM 117
1 42808U 17039F   19156.52549877  .00000060  00000-0  14256-4 0  9999
2 42808  86.3957 347.0198 0002763  89.3810 270.7702 14.34217132101815
0 IRIDIUM 119
1 42959U 17061E   19156.11031198  .00000083  00000-0  22453-4 0  9991
2 42959  86.3984  18.8172 0002223  99.7106 260.4340 14.34218350 86584
0 KESTREL EYE 2M
1 42982U 98067NE  19155.91635616 +.00006684 +00000-0 +79265-4 0  9990
2 42982 051.6384 041.8021 0004921 092.3843 267.7714 15.62561850091761
0 ASTERIA
1 43020U 98067NH  19155.92361523 +.00020854 +00000-0 +17405-3 0  9990
2 43020 051.6436 029.9907 0002783 087.3613 272.7703 15.70019395087698
0 DELLINGR (RBLE)
1 43021U 98067NJ  19155.90083638 +.00006677 +00000-0 +78175-4 0  9996
2 43021 051.6395 041.7367 0002871 067.0110 293.1187 15.62900729087537
0 CARBONITE 2
1 43115U 18004E   19155.86679266 +.00000394 +00000-0 +20171-4 0  9999
2 43115 097.4874 222.9994 0008662 295.6132 064.4208 15.22288905077372
0 O3B FM15
1 43231U 18024A   19155.69630263 -.00000014 +00000-0 +00000-0 0  9990
2 43231 000.0445 017.2576 0002831 058.1639 284.6124 05.00115372022625
0 SENTINEL 3B
1 43437U 18039A   19155.77065397 +.00000003 +00000-0 +19220-4 0  9998
2 43437 098.6188 222.8694 0001056 122.8533 237.2749 14.26741271057744
0 UBAKUSAT
1 43466U 98067NP  19155.87444798 +.00015458 +00000-0 +15513-3 0  9996
2 43466 051.6382 044.5380 0001823 094.9206 265.1997 15.65703864060750
0 IRAZU
1 43468U 98067NR  19155.88778058 +.00023234 +00000-0 +20704-3 0  9997
2 43468 051.6374 041.6080 0001927 105.6090 254.5120 15.68344537160789
0 LONGJIANG 2
1 43472U 18045C   18140.97000001 -.00010094 +00000-0 +00000-0 0  9994
2 43472 027.5020 209.5210 9658153 171.2240 002.0960 00.09844104000019
0 BEIDOU IGSO-7
1 43539U 18057A   19155.87792161 -.00000057 +00000-0 +00000-0 0  9990
2 43539 055.0344 185.7294 0024013 200.7979 295.5711 01.00281975003395
0 CUBERRT
1 43546U 98067NU  19155.90586409 +.00027090 +00000-0 +28655-3 0  9991
2 43546 051.6389 049.2433 0006079 084.6170 275.5519 15.63937960050838
0 TEMPEST-D
1 43547U 98067NV  19155.93624513 +.00008187 +00000-0 +11433-3 0  9996
2 43547 051.6394 055.4437 0006405 073.9681 286.2017 15.57823746050436
0 RAINCUBE
1 43548U 98067NW  19155.90124811 +.00009900 +00000-0 +12097-3 0  9991
2 43548 051.6381 052.1990 0006490 086.0041 274.1695 15.61115136050924
0 HALOSAT
1 43549U 98067NX  19155.90455908 +.00011162 +00000-0 +13606-3 0  9996
2 43549 051.6387 052.2306 0006435 088.0526 272.1204 15.61024035050484
0 RADIX
1 43550U 98067NY  19155.91509150 +.00019427 +00000-0 +19518-3 0  9998
2 43550 051.6366 047.7627 0005486 103.7434 256.4173 15.65471991051006
0 EQUISAT
1 43552U 98067PA  19155.90892842 +.00009957 +00000-0 +12047-3 0  9999
2 43552 051.6400 051.5313 0007078 094.3173 265.8630 15.61365980050867
0 AEROCUBE 12A
1 43556U 18046C   19155.53130534  .00001265  00000-0  57366-4 0  9992
2 43556  51.6414 124.5766 0008666  22.6102 337.5258 15.28665234 49396
0 AEROCUBE 12B
1 43557U 18046D   19155.34749706 +.00000314 +00000-0 +23862-4 0  9997
2 43557 051.6415 125.5964 0008761 022.3465 337.7895 15.28541373049312
0 LEMUR 2 VU
1 43558U 18046E   19155.84982763 +.00001981 +00000-0 +81189-4 0  9992
2 43558 051.6419 122.2272 0008097 024.8894 335.2475 15.29279805049448
0 LEMUR 2 ALEXANDER
1 43559U 18046F   19155.90829456 +.00001935 +00000-0 +79384-4 0  9992
2 43559 051.6421 121.8699 0008185 025.0937 335.0440 15.29373515049239
0 LEMUR 2 YUASA
1 43560U 18046G   19155.33025125 +.00001696 +00000-0 +71356-4 0  9997
2 43560 051.6416 124.7519 0008577 035.8792 324.2763 15.29255469049360
0 LEMUR 2 TOMHENDERSON
1 43561U 18046H   19155.84973916 +.00002080 +00000-0 +84713-4 0  9993
2 43561 051.6418 122.2219 0008404 037.5419 322.6146 15.29244113049009
0 GALILEO 26 (2C2)
1 43565U 18060B   19155.45869561 -.00000061 +00000-0 +00000-0 0  9991
2 43565 056.5551 051.4499 0003925 304.2224 055.7814 01.70475539005400
0 GALILEO 23 (2C9)
1 43566U 18060C   19155.67865143 -.00000061 +00000-0 +00000-0 0  9998
2 43566 056.5555 051.4455 0003452 301.4010 058.6068 01.70475410005382
0 GALILEO 24 (2C0)
1 43567U 18060D   19154.72533464 -.00000062 +00000-0 +00000-0 0  9993
2 43567 056.5545 051.4730 0003620 302.9153 057.0881 01.70475400005351
0 OBJECT PG
1 43595U 98067PG  19155.87853001 +.00009715 +00000-0 +12057-3 0  9999
2 43595 051.6375 053.5351 0004322 067.9838 292.1615 15.60737538045683
0 OBJECT PH
1 43596U 98067PH  19155.90749051 +.00010154 +00000-0 +12649-3 0  9999
2 43596 051.6386 053.7604 0004879 067.6211 292.5299 15.60576612045684
0 OBJECT PN
1 43638U 98067PN  19155.87741050 +.00005415 +00000-0 +78091-4 0  9991
2 43638 051.6395 057.3017 0003431 056.7047 303.4273 15.57759254037561
0 BEIDOU 3M18
1 43707U 18093B   19155.70733909 -.00000003 +00000-0 +00000-0 0  9995
2 43707 054.8646 269.9507 0007347 273.6949 340.6277 01.86231773003678
0 OBJECT D
1 43935U 19003D   19155.83526067 +.00000525 +00000-0 +25837-4 0  9996
2 43935 097.2835 213.9538 0019693 123.3601 326.9237 15.22032175020951
0 DELPHINI
1 44030U 98067PW  19155.92950201 +.00008104 +00000-0 +11977-3 0  9991
2 44030 051.6395 059.8985 0005631 094.6598 265.5037 15.56295228019409
0 UNITE
1 44031U 98067PX  19155.89396659 +.00004979 +00000-0 +78477-4 0  9994
2 44031 051.6400 060.4126 0004189 091.7038 268.4433 15.55501878019396
0 TECHEDSAT 8
1 44032U 98067PY  19155.95163480 +.00019198 +00000-0 +24724-3 0  9990
2 44032 051.6395 058.5482 0004947 093.3744 266.7815 15.59049556019408
0 CATSAT-1
1 44033U 98067PZ  19155.93378835 +.00008619 +00000-0 +12754-3 0  9997
2 44033 051.6404 059.9355 0005672 094.8499 265.3141 15.56162949019342
0 OBJECT F
1 44045U 18092F   19155.91739431 +.00001571 +00000-0 +56913-4 0  9997
2 44045 051.6411 077.5961 0012596 039.3414 320.8460 15.34862730017122
0 ONEWEB-0012
1 44057U 19010A   19155.76483560 +.00000181 +00000-0 +44731-3 0  9993
2 44057 087.9004 049.8879 0002244 080.5747 279.5637 13.15297535012999
0 ONEWEB-0011
1 44062U 19010F   19155.35225090  .00000043  00000-0  62480-4 0  9995
2 44062  88.2248  49.7358 0011447 338.8476  21.2189 13.32406442 13132
0 M6P
1 44109U 19018AF  19155.73317833 +.00001389 +00000-0 +48424-4 0  9990
2 44109 097.5075 216.9182 0061789 112.6520 004.0546 15.29651824009663
0 HARBINGER
1 44229U 19026E   19155.94428161 +.00000735 +00000-0 +41067-4 0  9992
2 44229 040.0215 055.8665 0006649 136.5238 223.6085 15.20466076004662
0 BEIDOU-2 G8
1 44231U 19027A   19155.92896723 -.00000132 +00000-0 +00000-0 0  9997
2 44231 001.8339 294.0546 0002946 129.8377 243.6557 01.00273392000333
0 OBJECT A
1 44235U 19029A   19153.91400299 -.00866572  00000-0 -31377-1 0  9990
2 44235  53.0000 129.1888 0001869  87.4127 272.7086 15.30602690  2745
0 OBJECT AA
1 44259U 19029AA  19153.95623702  .00003552  00000-0  11206-3 0  9996
2 44259  53.0007 128.6108 0002644  34.9043 325.2131 15.35587907  1598
