ISS (ZARYA)             
1 25544U 98067A   19136.37593133  .00002035  00000-0  39859-4 0  9992
2 25544  51.6417 159.2519 0001417   0.4746 142.4530 15.52679781170314
TIANGONG-2              
1 41765U 16057A   19136.33335104  .00005771  00000-0  69810-4 0  9992
2 41765  42.7824 156.8709 0006760  36.3099  33.2441 15.61526240152060
BANXING-2               
1 41834U 16057H   19136.18189771  .00149118  17806-4  23564-3 0  9994
2 41834  42.7764  31.5240 0015652 225.4937 267.6952 16.02925908147504
PHOENIX                 
1 42706U 98067LP  19128.42254485  .08245211  12410-4  57150-3 0  9990
2 42706  51.5998 109.6560 0003143 270.9046 228.4560 16.40380041113340
ALTAIR PATHFINDER       
1 42711U 98067LS  19136.31957354  .00040772  00000-0  23148-3 0  9993
2 42711  51.6343 102.5966 0004023  37.0547 323.0731 15.78587186113812
SHARC                   
1 42712U 98067LT  19123.64217769  .08981558  12375-4  84912-3 0  9997
2 42712  51.6192 152.4129 0003348 312.8737 146.7300 16.37776182112255
ZA-AEROSAT              
1 42713U 98067LU  19136.18387051  .00404109  88505-4  50987-3 0  9990
2 42713  51.6243  77.2536 0002460 125.9647 234.1594 16.06938245114138
CSUNSAT1                
1 42715U 98067LW  19125.26904075  .15894941  12567-4  41505-3 0  9994
2 42715  51.6151 127.9321 0004619 278.8566  95.8002 16.45622418112486
NJUST-1                 
1 42722U 98067MB  19136.30492532  .00150519  19693-4  43498-3 0  9999
2 42722  51.6318  85.5287 0005717  84.3977  38.2092 15.92703602113101
NSIGHT                  
1 42726U 98067MF  19136.18229314  .00023774  00000-0  19652-3 0  9990
2 42726  51.6350 119.9618 0006250  48.1211 312.0319 15.70144469112552
KESTREL EYE IIM (KE2M)  
1 42982U 98067NE  19136.34451359  .00010588  00000-0  12337-3 0  9990
2 42982  51.6357 140.5921 0004887  22.6335 337.4873 15.62280379 88705
ASTERIA                 
1 43020U 98067NH  19136.31450057  .00015248  00000-0  13228-3 0  9993
2 43020  51.6411 130.0248 0003006  22.7591 337.3539 15.69339496 84619
DELLINGR (RBLE)         
1 43021U 98067NJ  19136.26924820  .00009647  00000-0  11150-3 0  9990
2 43021  51.6367 140.8758 0002630 359.2061   0.8928 15.62619578 84469
1KUNS-PF                
1 43466U 98067NP  19136.27594129  .00019016  00000-0  19417-3 0  9994
2 43466  51.6358 143.9017 0002095  24.9585 335.1511 15.65090000 57688
UBAKUSAT                
1 43467U 98067NQ  19136.21773380  .00012636  00000-0  14682-3 0  9997
2 43467  51.6358 147.2589 0002443 333.2181  26.8687 15.62147898 57644
BATSU-CS1 (IRAZU)       
1 43468U 98067NR  19136.19338304  .00027475  00000-0  25229-3 0  9994
2 43468  51.6352 141.8338 0002501  29.0593 331.0542 15.67498348157694
CUBERRT                 
1 43546U 98067NU  19136.15628808  .00017376  00000-0  19104-3 0  9992
2 43546  51.6365 149.0940 0006329  12.4405 347.6745 15.63260001 47745
TEMPEST-D               
1 43547U 98067NV  19135.47010554  .00005667  00000-0  82109-4 0  9996
2 43547  51.6374 158.0091 0006124   0.2346 359.8648 15.57524165 47244
RAINCUBE                
1 43548U 98067NW  19135.54211972  .00016794  00000-0  20398-3 0  9996
2 43548  51.6357 154.7322 0006489  11.7656 348.3487 15.60697258 47748
HALOSAT                 
1 43549U 98067NX  19135.48025095  .00015036  00000-0  18365-3 0  9998
2 43549  51.6364 155.0763 0006350  14.1998 345.9172 15.60649814 47292
RADIX                   
1 43550U 98067NY  19136.18508618  .00025291  00000-0  25998-3 0  9999
2 43550  51.6341 147.7518 0005945  28.8197 331.3126 15.64707380 47911
ENDUROSAT ONE           
1 43551U 98067NZ  19136.17345344  .00016363  00000-0  18906-3 0  9995
2 43551  51.6363 149.9613 0006962  22.9737 337.1567 15.62022141 47838
EQUISAT                 
1 43552U 98067PA  19135.48904145  .00016415  00000-0  19762-3 0  9998
2 43552  51.6376 154.4041 0007137  19.5882 340.5385 15.60944888 47674
1998-067PB              
1 43553U 98067PB  19135.31744402  .00015431  00000-0  19364-3 0  9994
2 43553  51.6390 156.2770 0007171  18.0330 342.0917 15.59906488 47681
1998-067PC              
1 43554U 98067PC  19136.27867582  .00016023  00000-0  18341-3 0  9998
2 43554  51.6358 149.1645 0007123  22.6899 337.4409 15.62283408 47392
AEROCUBE 12A            
1 43556U 18046C   19135.46113852  .00002212  00000-0  90926-4 0  9998
2 43556  51.6402 220.8418 0007958 309.3991  50.6283 15.28614657 46325
AEROCUBE 12B            
1 43557U 18046D   19135.47188540  .00001038  00000-0  49562-4 0  9991
2 43557  51.6408 220.9104 0007993 310.5612  49.4671 15.28498614 46272
LEMUR-2-VU              
1 43558U 18046E   19135.46084381  .00004146  00000-0  15651-3 0  9993
2 43558  51.6400 220.1117 0007311 311.3802  48.6548 15.29205523 46321
LEMUR-2-ALEXANDER       
1 43559U 18046F   19135.52055658  .00004153  00000-0  15633-3 0  9994
2 43559  51.6400 219.7617 0007387 311.1314  48.9028 15.29295538 46118
LEMUR-2-YUASA           
1 43560U 18046G   19135.46379312  .00003257  00000-0  12569-3 0  9994
2 43560  51.6400 220.1244 0007752 325.6231  34.4246 15.29192958 46323
LEMUR-2-TOMHENDERSON    
1 43561U 18046H   19135.46029316  .00003104  00000-0  12045-3 0  9991
2 43561  51.6399 220.1033 0007608 325.6469  34.4018 15.29179248 45884
SIRIUSSAT-1             
1 43595U 98067PG  19135.45034339  .00017566  00000-0  21635-3 0  9991
2 43595  51.6353 156.3581 0004248 354.1953   5.8990 15.60303762 42491
SIRIUSSAT-2             
1 43596U 98067PH  19135.47718040  .00017394  00000-0  21560-3 0  9998
2 43596  51.6365 156.5666 0004802 353.1192   6.9735 15.60141894 42496
TANUSHA-3               
1 43597U 98067PJ  19136.20974362  .00016936  00000-0  19964-3 0  9998
2 43597  51.6344 151.6574 0004692   9.6311 350.4771 15.61483343 42622
1998-067PK              
1 43598U 98067PK  19136.21037275  .00017549  00000-0  20577-3 0  9996
2 43598  51.6354 151.6773 0004947   7.3037 352.8028 15.61590758 42628
1998-067PN              
1 43638U 98067PN  19136.37373592  .00007733  00000-0  10958-3 0  9999
2 43638  51.6370 155.0446 0003101 347.8472  12.2445 15.57528175 34510
1998-067PP              
1 43639U 98067PP  19135.33243408  .00016477  00000-0  21645-3 0  9997
2 43639  51.6380 159.3425 0005790 340.8419  19.2355 15.58640335 34371
STARS-ME                
1 43640U 98067PQ  19135.50025538  .00011132  00000-0  15197-3 0  9998
2 43640  51.6365 158.9625 0005791 338.0088  22.0655 15.58008497 34399
PROGRESS-MS 10          
1 43702U 18091A   19134.56970047  .00001786  00000-0  35909-4 0  9993
2 43702  51.6417 168.2377 0001369 352.6849 127.3920 15.52670060170039
SOYUZ-MS 11             
1 43756U 18098A   19134.56970047  .00001786  00000-0  35909-4 0  9999
2 43756  51.6417 168.2377 0001369 352.6849 127.3920 15.52670060170038
ISS DEB (SEDA-AP)       
1 43870U 98067PU  19136.26614628  .00004572  00000-0  73526-4 0  9992
2 43870  51.6419 158.0726 0005001  12.1955 347.9202 15.55160317 22632
CATSAT-2                
1 44029U 98067PV  19135.31773543  .00013010  00000-0  19096-3 0  9994
2 44029  51.6383 162.9972 0005704  21.7871 338.3362 15.55862859 16228
DELPHINI                
1 44030U 98067PW  19135.37924521  .00015741  00000-0  22882-3 0  9996
2 44030  51.6375 162.6524 0005514  21.2154 338.9065 15.55945261 16202
UNITE                   
1 44031U 98067PX  19136.36207373  .00007087  00000-0  10954-3 0  9997
2 44031  51.6376 157.9671 0003993  24.5782 335.5399 15.55289911 16358
TECHEDSAT 8             
1 44032U 98067PY  19136.33273816  .00024279  00000-0  31942-3 0  9992
2 44032  51.6370 157.0213 0005218  19.4776 340.6414 15.58317335 16343
CATSAT-1                
1 44033U 98067PZ  19135.31769055  .00012042  00000-0  17742-3 0  9992
2 44033  51.6384 162.9972 0005572  22.1448 337.9783 15.55844210 16135
SOYUZ-MS 12             
1 44069U 19013A   19134.56970047  .00001786  00000-0  35909-4 0  9995
2 44069  51.6417 168.2377 0001369 352.6849 127.3920 15.52670060170036
PROGRESS-MS 11          
1 44110U 19019A   19134.56970047  .00001786  00000-0  35909-4 0  9998
2 44110  51.6417 168.2377 0001369 352.6849 127.3920 15.52670060170033
CYGNUS NG-11            
1 44188U 19022A   19134.56970047  .00001786  00000-0  35909-4 0  9997
2 44188  51.6417 168.2377 0001369 352.6849 127.3920 15.52670060170038
DRAGON CRS-17           
1 44222U 19025A   19134.56970047  .00001786  00000-0  35909-4 0  9999
2 44222  51.6417 168.2377 0001369 352.6849 127.3920 15.52670060170037
2019-025B               
1 44223U 19025B   19131.19002253  .45414413  13098-4  31219-3 0  9999
2 44223  51.6217 182.5319 0024082   4.1953  36.1954 16.51348710  1113
2019-025C               
1 44224U 19025C   19130.55739073  .42319615  12704-4  49549-3 0  9999
2 44224  51.6328 185.8249 0015314  75.0423 286.3853 16.48763339  1012
